fpr,tpr
0.0,0.0
0.0,0.005847953216374269
0.0,0.16374269005847952
0.006711409395973154,0.16374269005847952
0.006711409395973154,0.43859649122807015
0.013422818791946308,0.43859649122807015
0.013422818791946308,0.45614035087719296
0.020134228187919462,0.45614035087719296
0.020134228187919462,0.49707602339181284
0.026845637583892617,0.49707602339181284
0.026845637583892617,0.5029239766081871
0.03355704697986577,0.5029239766081871
0.03355704697986577,0.5087719298245614
0.04697986577181208,0.5087719298245614
0.04697986577181208,0.52046783625731
0.053691275167785234,0.52046783625731
0.053691275167785234,0.5263157894736842
0.06040268456375839,0.5263157894736842
0.06040268456375839,0.5497076023391813
0.06040268456375839,0.5614035087719298
0.06040268456375839,0.5672514619883041
0.06711409395973154,0.5672514619883041
0.06711409395973154,0.6198830409356725
0.08053691275167785,0.6198830409356725
0.08053691275167785,0.631578947368421
0.09395973154362416,0.631578947368421
0.09395973154362416,0.6491228070175439
0.10067114093959731,0.6491228070175439
0.10067114093959731,0.6666666666666666
0.10738255033557047,0.6666666666666666
0.10738255033557047,0.672514619883041
0.11409395973154363,0.672514619883041
0.11409395973154363,0.6900584795321637
0.1342281879194631,0.6900584795321637
0.1476510067114094,0.6900584795321637
0.1476510067114094,0.695906432748538
0.15436241610738255,0.695906432748538
0.15436241610738255,0.7251461988304093
0.1610738255033557,0.7251461988304093
0.1610738255033557,0.7309941520467836
0.18120805369127516,0.7309941520467836
0.18120805369127516,0.7368421052631579
0.18791946308724833,0.7368421052631579
0.18791946308724833,0.7426900584795322
0.19463087248322147,0.7426900584795322
0.19463087248322147,0.7602339181286549
0.20134228187919462,0.7602339181286549
0.20134228187919462,0.7719298245614035
0.2080536912751678,0.7719298245614035
0.2080536912751678,0.7777777777777778
0.21476510067114093,0.7777777777777778
0.21476510067114093,0.783625730994152
0.22818791946308725,0.783625730994152
0.22818791946308725,0.7894736842105263
0.24161073825503357,0.7894736842105263
0.24161073825503357,0.8070175438596491
0.2483221476510067,0.8070175438596491
0.2483221476510067,0.8187134502923976
0.2751677852348993,0.8187134502923976
0.2751677852348993,0.8245614035087719
0.28187919463087246,0.8245614035087719
0.28187919463087246,0.8362573099415205
0.28859060402684567,0.8362573099415205
0.28859060402684567,0.8596491228070176
0.31543624161073824,0.8596491228070176
0.31543624161073824,0.8654970760233918
0.3221476510067114,0.8654970760233918
0.3221476510067114,0.8771929824561403
0.3288590604026846,0.8771929824561403
0.3288590604026846,0.8888888888888888
0.348993288590604,0.8888888888888888
0.348993288590604,0.9005847953216374
0.37583892617449666,0.9005847953216374
0.37583892617449666,0.9064327485380117
0.38926174496644295,0.9064327485380117
0.38926174496644295,0.9122807017543859
0.40939597315436244,0.9122807017543859
0.40939597315436244,0.9181286549707602
0.4161073825503356,0.9181286549707602
0.4161073825503356,0.9298245614035088
0.42953020134228187,0.9298245614035088
0.42953020134228187,0.935672514619883
0.436241610738255,0.935672514619883
0.436241610738255,0.9473684210526315
0.4429530201342282,0.9473684210526315
0.4429530201342282,0.9532163742690059
0.6442953020134228,0.9532163742690059
0.6442953020134228,0.9590643274853801
0.6711409395973155,0.9590643274853801
0.6845637583892618,0.9590643274853801
0.7248322147651006,0.9590643274853801
0.7248322147651006,0.9649122807017544
0.7449664429530202,0.9649122807017544
0.7449664429530202,0.9766081871345029
0.7583892617449665,0.9766081871345029
0.7583892617449665,0.9824561403508771
0.8053691275167785,0.9824561403508771
0.8053691275167785,0.9941520467836257
0.8859060402684564,0.9941520467836257
0.8859060402684564,1.0
1.0,1.0
